Year     Snow     Accu     Melt    A_int    Runof      SMB     Disc      TMB   T_mean    PDD_t
1840    890.1    741.7    291.9    103.1    188.8    552.9    494.9     58.0   -23.05     3.07
1841    842.1    701.8    271.1     97.8    173.3    528.5    492.7     35.8   -23.13     2.89
1842    663.0    552.5    302.9     95.0    207.9    344.6    491.2   -146.6   -23.47     3.23
1843    687.1    572.6    323.4    101.3    222.1    350.5    491.0   -140.5   -22.82     3.45
1844    633.3    527.8    309.4     89.7    219.8    308.0    490.6   -182.6   -23.94     3.24
1845    862.6    718.9    374.3    114.4    259.9    458.9    491.4    -32.5   -22.99     3.84
1846    823.0    685.9    294.9    102.7    192.2    493.7    491.3      2.4   -22.45     3.13
1847    933.7    778.1    306.9    104.2    202.7    575.4    491.5     83.9   -21.79     3.28
1848    810.5    675.4    399.3    124.5    274.8    400.6    491.9    -91.3   -22.18     4.09
1849    857.9    714.9    328.5    113.6    214.9    500.0    492.7      7.3   -22.92     3.43
1850    830.1    691.8    358.5    115.5    243.0    448.8    493.2    -44.4   -22.63     3.72
1851    881.3    734.4    123.5     66.4     57.1    677.3    493.0    184.3   999.00     1.29
1852    876.8    730.6    381.6    124.8    256.8    473.8    492.4    -18.6   -21.89     3.92
1853    815.4    679.5    352.0    109.1    242.9    436.6    491.5    -54.9   -22.78     3.65
1854    941.6    784.6    359.1    118.0    241.1    543.5    490.7     52.8   -23.03     3.67
1855    846.7    705.6    291.6    103.5    188.1    517.5    490.5     27.0   -22.98     3.04
1856    986.9    822.4    363.7    130.1    233.6    588.8    490.3     98.5   -21.07     3.78
1857    820.7    683.9    371.0    116.8    254.3    429.7    490.6    -60.9   -22.96     3.82
1858    719.3    599.4    332.8    101.5    231.3    368.1    491.1   -123.0   -22.98     3.46
1859    735.3    612.7    320.8    102.0    218.8    394.0    492.9    -98.9   -23.03     3.37
1860    883.8    736.5    344.4    109.9    234.5    502.0    495.7      6.3   -22.10     3.60
1861    787.5    656.3    280.2     96.3    183.9    472.4    498.7    -26.3   -23.84     2.96
1862    860.8    717.4    295.9     98.1    197.8    519.6    502.0     17.6   -23.99     3.10
1863    791.0    659.1    225.4     85.5    139.9    519.2    504.4     14.8   -25.67     2.41
1864    797.6    664.6    301.6    108.2    193.4    471.2    504.8    -33.6   -22.51     3.20
1865    684.1    570.1    259.8     87.4    172.4    397.7    503.0   -105.3   -23.28     2.73
1866    655.1    545.9    272.6     85.6    187.1    358.8    499.3   -140.5   -24.13     2.90
1867    771.4    642.8    352.8    110.0    242.8    400.0    496.1    -96.1   -22.24     3.64
1868    823.1    685.9    267.5    101.0    166.5    519.4    493.0     26.4   -23.93     2.83
1869    796.8    664.0    309.0    107.0    202.0    462.0    491.2    -29.2   -23.04     3.27
1870    800.3    666.9    342.3    112.7    229.6    437.4    490.3    -52.9   -22.42     3.55
1871    857.4    714.5    372.4    121.9    250.6    463.9    490.0    -26.1   -21.89     3.88
1872    961.5    801.2    424.7    140.1    284.6    516.6    490.1     26.5   -21.14     4.35
1873    898.5    748.7    324.2    109.6    214.5    534.2    490.3     43.9   -22.65     3.39
1874    799.8    666.5    353.6    107.9    245.7    420.8    490.3    -69.5   -22.48     3.66
1875    852.0    710.0    313.4    113.4    199.9    510.1    490.3     19.8   -22.01     3.29
1876    853.3    711.0    330.5    114.7    215.8    495.2    490.2      5.0   -22.11     3.48
1877    697.5    581.2    400.9    118.4    282.5    298.7    490.1   -191.4   -22.18     4.15
1878    903.0    752.5    372.7    135.4    237.3    515.2    490.0     25.2   -21.47     3.84
1879    848.9    707.5    343.7    114.0    229.7    477.7    490.1    -12.4   -22.48     3.57
1880    910.8    759.0    340.5    115.9    224.6    534.4    490.4     44.0   -22.96     3.55
1881    778.7    648.9    328.0    103.3    224.6    424.3    491.0    -66.7   -21.99     3.46
1882    757.4    631.2    293.4     93.5    199.8    431.3    491.2    -59.9   -23.85     3.10
1883    846.2    705.2    330.2    102.1    228.1    477.1    491.5    -14.4   -23.04     3.42
1884    810.7    675.5    261.1     85.9    175.2    500.3    491.7      8.6   -24.60     2.74
1885    754.1    628.4    337.8    107.7    230.1    398.3    491.3    -93.0   -22.68     3.49
1886    762.1    635.1    314.6    102.1    212.5    422.6    490.8    -68.2   -23.38     3.29
1887    752.7    627.2    317.6    106.2    211.5    415.8    490.3    -74.5   -23.66     3.30
1888    966.9    805.8    409.6    130.5    279.1    526.7    490.1     36.6   -22.53     4.15
1889   1041.1    867.6    317.7    116.0    201.7    665.9    490.0    175.9   -23.02     3.30
1890    819.7    683.1    308.1     97.7    210.4    472.7    490.0    -17.3   -23.36     3.24
1891    851.7    709.8    352.8    115.0    237.8    471.9    490.1    -18.2   -23.69     3.64
1892    767.4    639.5    365.5    115.2    250.3    389.2    490.1   -100.9   -22.02     3.79
1893    893.6    744.6    385.8    127.3    258.5    486.1    490.1     -4.0   -22.32     3.94
1894    788.2    656.8    322.9    105.7    217.2    439.6    490.1    -50.5   -24.21     3.34
1895   1016.0    846.7    336.3    114.1    222.2    624.5    490.0    134.5   -22.49     3.52
1896    937.7    781.4    351.6    116.6    235.0    546.4    490.1     56.3   -23.67     3.55
1897    853.4    711.2    336.0    110.4    225.7    485.5    490.2     -4.7   -23.15     3.46
1898   1036.7    863.9    300.5    108.2    192.2    671.7    490.5    181.2   -23.75     3.09
1899    840.4    700.3    353.0    112.2    240.8    459.5    491.2    -31.7   -23.69     3.66
1900    821.9    684.9    412.0    121.2    290.8    394.1    492.5    -98.4   -22.01     4.23
1901    952.3    793.6    329.3    120.1    209.2    584.4    494.0     90.4   -21.91     3.43
1902    916.9    764.1    422.5    136.3    286.2    477.9    495.9    -18.0   -22.33     4.28
1903    705.9    588.2    340.6    105.8    234.9    353.4    497.7   -144.3   -22.77     3.56
1904    660.9    550.8    392.7    110.5    282.2    268.6    499.4   -230.8   -23.39     3.98
1905    836.0    696.7    356.3    112.0    244.3    452.4    500.6    -48.2   -22.77     3.67
1906    777.3    647.7    408.8    118.3    290.6    357.2    501.4   -144.2   -23.33     4.06
1907    754.0    628.3    347.8    103.0    244.8    383.6    501.0   -117.4   -23.38     3.61
1908    837.2    697.7    411.2    131.0    280.2    417.6    499.6    -82.0   -22.25     4.14
1909    815.5    679.6    394.0    126.2    267.7    411.9    498.3    -86.4   -22.69     4.05
1910    822.7    685.5    392.5    122.4    270.2    415.4    497.1    -81.7   -23.51     3.95
1911    993.8    828.1    371.3    128.3    243.0    585.1    495.8     89.3   -22.56     3.79
1912    833.3    694.4    396.7    124.2    272.5    421.9    494.6    -72.7   -21.78     4.09
1913    804.2    670.2    337.5    112.4    225.1    445.1    493.6    -48.5   -22.63     3.52
1914    728.3    606.9    281.7     95.5    186.2    420.7    493.0    -72.3   -23.79     2.94
1915    896.4    747.0    433.4    144.0    289.3    457.7    492.3    -34.6   -21.81     4.44
1916   1019.5    849.6    433.8    151.6    282.3    567.3    491.4     75.9   -21.55     4.40
1917    784.1    653.4    378.1    114.7    263.4    390.1    490.8   -100.7   -22.73     3.88
1918    818.7    682.2    320.3    107.0    213.3    468.9    490.5    -21.6   -23.84     3.34
1919    763.0    635.8    322.7    108.7    214.0    421.8    490.2    -68.4   -22.52     3.38
1920    805.6    671.3    317.8    103.3    214.5    456.8    490.3    -33.5   -23.53     3.31
1921    764.9    637.5    345.9    109.8    236.1    401.4    490.9    -89.5   -23.07     3.54
1922    881.3    734.4    297.0    105.4    191.6    542.8    492.7     50.1   -22.45     3.12
1923    854.9    712.4    398.3    118.5    279.7    432.7    496.8    -64.1   -21.74     4.10
1924    675.3    562.7    370.6    102.9    267.7    295.0    503.8   -208.8   -22.33     3.88
1925    862.5    718.8    334.9    122.3    212.6    506.2    516.0     -9.8   -22.17     3.50
1926    709.3    591.1    432.7    116.2    316.5    274.6    530.3   -255.7   -21.15     4.51
1927    942.8    785.7    457.7    145.7    312.0    473.6    545.2    -71.6   -20.93     4.67
1928    893.9    744.9    529.8    158.4    371.3    373.6    556.7   -183.1   -20.18     5.37
1929    883.1    735.9    440.2    129.2    311.0    424.9    566.0   -141.1   -20.26     4.61
1930    907.1    755.9    432.7    136.6    296.2    459.8    569.5   -109.7   -21.34     4.43
1931    692.8    577.3    520.7    135.5    385.2    192.1    568.0   -375.9   -21.60     5.28
1932    979.0    815.8    461.9    145.9    316.0    499.8    562.3    -62.5   -20.44     4.79
1933    894.2    745.2    466.3    154.3    312.0    433.2    555.4   -122.2   -20.83     4.76
1934    889.9    741.6    406.0    133.5    272.4    469.1    546.4    -77.3   -21.45     4.18
1935    730.3    608.6    456.1    129.0    327.1    281.5    540.0   -258.5   -21.26     4.71
1936    914.0    761.7    465.6    142.4    323.2    438.5    534.7    -96.2   -21.32     4.80
1937    835.5    696.3    403.8    123.2    280.7    415.6    530.1   -114.5   -21.55     4.13
1938    862.4    718.7    365.2    116.4    248.8    469.9    525.3    -55.4   -22.64     3.75
1939   1101.2    917.7    500.6    183.8    316.8    600.9    521.8     79.1   -20.82     5.09
1940    951.1    792.6    372.9    123.3    249.6    543.0    518.5     24.5   -21.13     3.88
1941   1021.0    850.9    521.8    181.1    340.7    510.1    515.7     -5.6   -20.13     5.30
1942    990.7    825.6    432.1    142.3    289.8    535.7    512.6     23.1   -20.87     4.47
1943    774.1    645.1    374.2    110.5    263.7    381.4    509.9   -128.5   -22.08     3.90
1944    901.8    751.5    378.2    129.5    248.8    502.8    509.0     -6.2   -22.00     3.92
1945   1125.1    937.5    396.4    146.2    250.2    687.3    509.9    177.4   -21.41     4.10
1946   1067.1    889.2    426.8    155.7    271.1    618.1    512.1    106.0   -20.25     4.41
1947   1034.4    862.0    426.6    142.2    284.4    577.6    516.1     61.5   -20.31     4.47
1948    812.1    676.8    416.8    127.5    289.3    387.5    519.5   -132.0   -21.66     4.30
1949    684.5    570.4    379.3    105.7    273.6    296.8    522.2   -225.4   -23.01     3.91
1950    750.0    625.0    430.2    125.4    304.8    320.2    523.3   -203.1   -21.44     4.42
1951    770.4    642.0    453.1    138.4    314.7    327.3    524.2   -196.9   -22.22     4.63
1952    905.9    754.9    466.4    149.9    316.5    438.4    523.0    -84.6   -21.12     4.68
1953    910.9    759.0    425.5    130.8    294.7    464.4    519.8    -55.4   -21.98     4.34
1954    970.3    808.6    395.6    134.3    261.3    547.3    520.0     27.3   -21.53     4.07
1955    833.1    694.3    359.8    124.0    235.8    458.5    520.3    -61.8   -21.68     3.74
1956    850.0    708.3    378.3    121.6    256.7    451.6    522.7    -71.1   -21.94     3.87
1957    844.4    703.7    486.4    143.7    342.7    360.9    524.9   -164.0   -21.72     4.89
1958    796.2    663.5    437.1    139.0    298.2    365.3    526.0   -160.7   -21.51     4.49
1959    956.5    797.1    379.1    133.5    245.6    551.5    526.8     24.7   -21.82     3.90
1960    966.5    805.4    551.1    169.8    381.2    424.2    526.4   -102.2   -20.72     5.38
1961    818.5    682.1    407.4    125.1    282.3    399.8    523.9   -124.1   -22.18     4.20
1962    687.4    572.8    408.1    114.5    293.6    279.2    522.0   -242.8   -21.41     4.22
1963    896.8    747.4    368.0    116.9    251.1    496.2    519.6    -23.4   -21.56     3.79
1964    959.0    799.1    367.6    124.7    242.8    556.3    516.0     40.3   -21.49     3.84
1965    778.1    648.4    419.1    119.2    299.9    348.5    513.7   -165.2   -21.25     4.31
1966    641.8    534.8    432.6    117.4    315.2    219.6    510.0   -290.4   -22.23     4.42
1967    740.2    616.8    377.5    111.1    266.4    350.4    505.0   -154.6   -22.51     3.88
1968    675.6    563.0    429.0    120.4    308.6    254.4    501.2   -246.8   -22.00     4.33
1969    779.8    649.8    375.6    108.3    267.3    382.5    497.6   -115.1   -22.21     3.86
1970    749.6    624.7    315.7    109.7    206.0    418.6    495.0    -76.4   -21.98     3.30
1971    739.3    616.0    365.8    111.0    254.7    361.3    494.0   -132.7   -23.72     3.74
1972   1106.6    922.2    317.8    121.5    196.3    725.9    494.0    231.9   -22.41     3.29
1973    817.0    680.8    355.1    120.0    235.2    445.7    494.7    -49.0   -22.57     3.66
1974    795.5    662.9    415.4    130.1    285.3    377.6    496.9   -119.3   -21.87     4.25
1975    983.2    819.3    405.1    138.2    266.9    552.4    499.3     53.1   -22.64     4.07
1976   1102.0    918.3    379.7    142.2    237.5    680.9    501.4    179.5   -21.79     3.86
1977    992.6    827.2    431.7    138.4    293.3    533.9    501.8     32.1   -21.28     4.40
1978   1027.1    855.9    433.9    145.4    288.5    567.4    500.5     66.9   -22.14     4.33
1979    882.3    735.3    376.0    121.2    254.8    480.5    499.3    -18.8   -21.92     3.84
1980    854.7    712.2    432.2    131.4    300.7    411.5    497.0    -85.5   -21.08     4.44
1981    752.5    627.1    379.8    114.5    265.3    361.8    495.4   -133.6   -22.55     3.91
1982    765.1    637.6    322.6    101.0    221.7    415.9    494.9    -79.0   -22.80     3.31
1983   1044.8    870.7    285.6    114.4    171.1    699.6    494.9    204.7   -24.14     2.89
1984   1046.7    872.3    338.1    116.0    222.1    650.2    495.9    154.3   -23.54     3.40
1985    940.9    784.1    446.1    134.8    311.3    472.8    497.6    -24.8   -20.99     4.56
1986    898.9    749.1    396.9    128.7    268.2    480.9    498.4    -17.5   -21.72     4.09
1987   1040.2    866.8    457.9    151.6    306.2    560.6    498.6     62.0   -21.74     4.55
1988    886.2    738.5    407.2    131.3    275.9    462.6    498.0    -35.4   -21.88     4.11
1989    778.7    648.9    321.1    101.8    219.4    429.5    497.6    -68.1   -23.34     3.30
1990   1038.1    865.1    398.1    133.2    264.9    600.2    496.5    103.7   -22.84     4.03
1991    993.5    827.9    396.6    132.6    264.0    563.9    495.7     68.2   -21.91     4.07
1992    907.5    756.2    296.0    107.9    188.1    568.1    495.9     72.2   -23.10     3.07
1993    947.0    789.2    397.9    124.8    273.0    516.1    496.6     19.5   -23.10     4.01
1994    831.2    692.7    382.6    125.4    257.2    435.5    498.2    -62.7   -22.48     3.90
1995    834.2    695.2    447.2    135.1    312.1    383.1    501.5   -118.4   -22.08     4.47
1996   1147.1    955.9    366.6    150.8    215.8    740.1    506.0    234.1   -21.11     3.78
1997    908.2    756.9    379.3    129.6    249.7    507.2    513.7     -6.5   -21.79     3.96
1998    962.5    802.1    446.6    141.2    305.5    496.6    522.9    -26.3   -21.26     4.53
1999    897.3    747.7    395.0    131.6    263.5    484.3    535.5    -51.2   -22.01     3.96
2000   1037.0    864.2    457.2    153.9    303.3    560.9    548.7     12.2   -21.05     4.57
2001    861.3    717.7    506.3    153.0    353.3    364.4    562.5   -198.1   -21.06     5.05
2002    901.8    751.5    449.3    141.4    307.9    443.6    573.7   -130.1   -20.93     4.68
2003   1036.2    863.5    580.6    191.3    389.4    474.2    583.7   -109.5   -19.98     5.88
2004    927.6    773.0    460.1    155.6    304.4    468.6    596.8   -128.2   -20.65     4.74
2005   1014.8    845.7    488.6    160.4    328.2    517.4    607.7    -90.3   -20.19     4.90
2006    798.7    665.6    473.1    141.0    332.2    333.4    614.6   -281.2   -21.05     4.77
2007    898.9    749.1    489.9    146.4    343.5    405.6    621.6   -216.0   -20.84     4.93
2008    965.1    804.3    484.7    152.2    332.5    471.8    627.6   -155.8   -21.38     4.92
2009    776.0    646.7    468.8    127.5    341.3    305.4    637.8   -332.4   -21.12     4.79
2010    879.9    733.2    657.0    181.4    475.6    257.6    642.0   -384.4   -18.80     6.56
2011    879.9    733.2    533.1    157.9    375.1    358.1    646.2   -288.1   -20.62     5.31
